864, 864, 864, 864, 864, 864, 864, 864, 864, 864, 864, 864, 864, 864, 864, 864, 864, 864, 864, 864, 864, 864, 864, 864, 864, 864, 864, 864, 864, 864, 864, 864, 864, 864, 864, 864, 864, 864, 864, 864, 864, 864, 864, 864, 864, 864, 864, 864, 864, 864, 
864, 864, 864, 864, 864, 864, 864, 864, 864, 864, 864, 864, 864, 864, 864, 864, 864, 864, 864, 864, 864, 864, 864, 864, 864, 864, 864, 864, 864, 864, 864, 864, 864, 864, 864, 864, 864, 864, 864, 864, 864, 864, 864, 864, 864, 864, 864, 864, 864, 864, 
864, 864, 864, 864, 864, 864, 864, 864, 864, 864, 864, 864, 864, 864, 864, 864, 864, 864, 864, 864, 864, 864, 864, 864, 864, 864, 864, 864, 864, 864, 864, 864, 864, 864, 864, 864, 864, 864, 864, 864, 864, 864, 864, 864, 864, 864, 864, 864, 864, 864, 
864, 864, 864, 864, 864, 864, 864, 864, 864, 864, 864, 864, 864, 864, 864, 864, 864, 864, 864, 864, 864, 864, 864, 864, 864, 864, 864, 864, 864, 864, 864, 864, 864, 864, 864, 864, 864, 864, 864, 864, 864, 864, 864, 864, 864, 864, 864, 864, 864, 864, 
864, 864, 864, 864, 864, 864, 864, 864, 864, 864, 864, 864, 864, 864, 864, 864, 864, 864, 864, 864, 864, 864, 864, 864, 864, 864, 864, 864, 864, 864, 864, 864, 864, 864, 864, 864, 864, 864, 864, 864, 864, 864, 864, 864, 864, 864, 864, 864, 864, 864, 
864, 864, 864, 864, 864, 864, 864, 864, 864, 864, 864, 864, 864, 864, 864, 864, 864, 864, 864, 864, 864, 864, 864, 864, 864, 864, 864, 864, 864, 864, 864, 864, 864, 864, 864, 864, 864, 864, 864, 864, 864, 864, 864, 864, 864, 864, 864, 864, 864, 864, 
864, 864, 864, 864, 864, 864, 864, 864, 864, 864, 864, 864, 864, 864, 864, 864, 864, 864, 864, 864, 864, 864, 864, 864, 864, 864, 864, 864, 864, 864, 864, 864, 864, 864, 864, 864, 864, 864, 864, 864, 864, 864, 864, 864, 864, 864, 864, 864, 864, 864, 
864, 864, 864, 864, 864, 864, 864, 864, 864, 864, 864, 864, 864, 864, 864, 864, 864, 864, 864, 864, 864, 864, 864, 864, 864, 864, 864, 864, 864, 864, 864, 864, 864, 864, 864, 864, 864, 864, 864, 864, 864, 864, 864, 864, 864, 864, 864, 864, 864, 864, 
864, 864, 864, 864, 864, 864, 864, 864, 864, 864, 864, 864, 864, 864, 864, 864, 864, 864, 864, 864, 864, 864, 864, 864, 864, 864, 864, 864, 864, 864, 864, 864, 864, 864, 864, 864, 864, 864, 864, 864, 864, 864, 864, 864, 864, 864, 864, 864, 864, 864, 
864, 864, 864, 864, 864, 864, 864, 864, 864, 864, 864, 864, 864, 864, 864, 864, 864, 864, 864, 864, 864, 864, 864, 864, 864, 864, 864, 864, 864, 864, 864, 864, 864, 864, 864, 864, 864, 864, 864, 864, 864, 864, 864, 864, 864, 864, 864, 864, 864, 864, 
864, 864, 864, 864, 864, 864, 864, 864, 864, 864, 864, 864, 864, 864, 864, 864, 864, 864, 864, 864, 864, 864, 864, 864, 864, 864, 864, 864, 864, 864, 864, 864, 864, 864, 864, 864, 864, 864, 864, 864, 864, 864, 864, 864, 864, 864, 864, 864, 864, 864, 
864, 864, 864, 864, 864, 864, 864, 864, 864, 864, 864, 864, 864, 864, 864, 864, 864, 864, 864, 864, 864, 864, 864, 864, 864, 864, 864, 864, 864, 864, 864, 864, 864, 864, 864, 864, 864, 864, 864, 864, 864, 864, 864, 864, 864, 864, 864, 864, 864, 864, 
864, 864, 864, 864, 864, 864, 864, 864, 864, 864, 864, 864, 864, 864, 864, 864, 864, 864, 864, 864, 864, 864, 864, 864, 864, 864, 864, 864, 864, 864, 864, 864, 864, 864, 864, 864, 864, 864, 864, 864, 864, 864, 864, 864, 864, 864, 864, 864, 864, 864, 
864, 864, 864, 864, 864, 864, 864, 864, 864, 864, 864, 864, 864, 864, 864, 864, 864, 864, 864, 864, 864, 864, 864, 864, 864, 864, 864, 864, 864, 864, 864, 864, 864, 864, 864, 864, 864, 864, 864, 864, 864, 864, 864, 864, 864, 864, 864, 864, 864, 864, 
864, 864, 864, 864, 864, 864, 864, 864, 864, 864, 864, 864, 864, 864, 864, 864, 864, 864, 864, 864, 864, 864, 864, 864, 864, 864, 864, 864, 864, 864, 864, 864, 864, 864, 864, 864, 864, 864, 864, 864, 864, 864, 864, 864, 864, 864, 864, 864, 864, 864, 
864, 864, 864, 864, 864, 864, 864, 864, 864, 864, 864, 864, 864, 864, 864, 864, 864, 864, 864, 864, 864, 864, 864, 864, 864, 864, 864, 864, 864, 864, 864, 864, 864, 864, 864, 864, 864, 864, 864, 864, 864, 864, 864, 864, 864, 864, 864, 864, 864, 864, 
864, 864, 864, 864, 864, 864, 864, 864, 864, 864, 864, 864, 864, 864, 864, 864, 864, 864, 864, 864, 864, 864, 864, 864, 864, 864, 864, 864, 864, 864, 864, 864, 864, 864, 864, 864, 864, 864, 864, 864, 864, 864, 864, 864, 864, 864, 864, 864, 864, 864, 
864, 864, 864, 864, 864, 864, 864, 864, 864, 864, 864, 864, 864, 864, 864, 864, 864, 864, 864, 864, 864, 864, 864, 864, 864, 864, 864, 864, 864, 864, 864, 864, 864, 864, 864, 864, 864, 864, 864, 864, 864, 864, 864, 864, 864, 864, 864, 864, 864, 864, 
864, 864, 864, 864, 864, 864, 864, 864, 864, 864, 864, 864, 864, 864, 864, 864, 864, 864, 864, 864, 864, 864, 864, 864, 864, 864, 864, 864, 864, 864, 864, 864, 864, 864, 864, 864, 864, 864, 864, 864, 864, 864, 864, 864, 864, 864, 864, 864, 864, 864, 
864, 864, 864, 864, 864, 864, 864, 864, 864, 864, 864, 864, 864, 864, 864, 864, 864, 864, 864, 864, 864, 864, 864, 864, 864, 864, 864, 864, 864, 864, 864, 864, 864, 864, 864, 864, 864, 864, 864, 864, 864, 864, 864, 864, 864, 864, 864, 864, 864, 864, 
864, 864, 864, 864, 864, 864, 864, 864, 864, 864, 864, 864, 864, 864, 864, 864, 864, 864, 864, 864, 864, 864, 864, 864, 864, 864, 864, 864, 864, 864, 864, 864, 864, 864, 864, 864, 864, 864, 864, 864, 864, 864, 864, 864, 864, 864, 864, 864, 864, 864, 
864, 864, 864, 864, 864, 864, 864, 864, 864, 864, 864, 864, 864, 864, 864, 864, 864, 864, 1567, 1631, 1695, 1631, 1823, 864, 864, 864, 864, 864, 864, 864, 864, 864, 864, 864, 864, 864, 864, 864, 864, 864, 864, 864, 864, 864, 864, 864, 864, 864, 864, 864, 
864, 864, 864, 864, 864, 864, 864, 864, 864, 864, 864, 864, 864, 864, 864, 864, 864, 864, 1631, 864, 1632, 1696, 1760, 864, 864, 864, 864, 864, 864, 864, 864, 864, 864, 864, 864, 864, 864, 864, 864, 864, 864, 864, 864, 864, 864, 864, 864, 864, 864, 864, 
864, 864, 864, 864, 864, 864, 864, 864, 864, 864, 864, 864, 864, 864, 864, 864, 864, 864, 1569, 864, 1633, 1697, 1761, 864, 864, 864, 864, 864, 864, 864, 864, 864, 864, 864, 864, 864, 864, 864, 864, 864, 864, 864, 864, 864, 864, 864, 864, 864, 864, 864, 
864, 864, 864, 864, 864, 864, 864, 864, 864, 864, 864, 864, 864, 864, 864, 864, 864, 864, 1631, 864, 1634, 1698, 1762, 864, 864, 864, 864, 864, 864, 864, 864, 864, 864, 864, 864, 864, 864, 864, 864, 864, 864, 864, 864, 864, 864, 864, 864, 864, 864, 864, 
864, 864, 864, 864, 864, 864, 864, 864, 864, 864, 864, 864, 864, 864, 864, 864, 864, 864, 1571, 1631, 1699, 1631, 1827, 864, 864, 864, 864, 864, 864, 864, 864, 864, 864, 864, 864, 864, 864, 864, 864, 864, 864, 864, 864, 864, 864, 864, 864, 864, 864, 864, 
864, 864, 864, 864, 864, 864, 864, 864, 864, 864, 864, 864, 864, 864, 864, 864, 864, 864, 864, 864, 864, 864, 864, 864, 864, 864, 864, 864, 864, 864, 864, 864, 864, 864, 864, 864, 864, 864, 864, 864, 864, 864, 864, 864, 864, 864, 864, 864, 864, 864, 
864, 864, 864, 864, 864, 864, 864, 864, 864, 864, 864, 864, 864, 864, 864, 864, 864, 864, 864, 864, 864, 864, 864, 864, 864, 864, 864, 864, 864, 864, 864, 864, 864, 864, 864, 864, 864, 864, 864, 864, 864, 864, 864, 864, 864, 864, 864, 864, 864, 864, 
864, 864, 864, 864, 864, 864, 864, 864, 864, 864, 864, 864, 864, 864, 864, 864, 864, 864, 864, 864, 864, 864, 864, 864, 864, 864, 864, 864, 864, 864, 864, 864, 864, 864, 864, 864, 864, 864, 864, 864, 864, 864, 864, 864, 864, 864, 864, 864, 864, 864, 
864, 864, 864, 864, 864, 864, 864, 864, 864, 864, 864, 864, 864, 864, 864, 864, 864, 864, 864, 864, 864, 864, 864, 864, 864, 864, 864, 864, 864, 864, 864, 864, 864, 864, 864, 864, 864, 864, 864, 864, 864, 864, 864, 864, 864, 864, 864, 864, 864, 864, 
864, 864, 864, 864, 864, 864, 864, 864, 864, 864, 864, 864, 864, 864, 864, 864, 864, 864, 864, 864, 864, 864, 864, 864, 864, 864, 864, 864, 864, 864, 864, 864, 864, 864, 864, 864, 864, 864, 864, 864, 864, 864, 864, 864, 864, 864, 864, 864, 864, 864, 
864, 864, 864, 864, 864, 864, 864, 864, 864, 864, 864, 864, 864, 864, 864, 864, 864, 864, 864, 864, 864, 864, 864, 864, 864, 864, 864, 864, 864, 864, 864, 864, 864, 864, 864, 864, 864, 864, 864, 864, 864, 864, 864, 864, 864, 864, 864, 864, 864, 864, 
864, 864, 864, 864, 864, 864, 864, 864, 864, 864, 864, 864, 864, 864, 864, 864, 864, 864, 864, 864, 864, 8